0.0 0.1 0.2 0.3 0.4 0.5 0.6 0.7 0.8 0.9 1.0 1.1 1.2 1.3 1.4 1.5 1.6 1.7 1.8 1.9 2.0 2.1 2.2 2.3 2.4 2.5 2.6 2.7 2.8 2.9 3.0 3.1 3.2 3.3 3.4 3.5 3.6 3.7 3.8 3.9 4.0 4.1 4.2 4.3 4.4 4.5 4.6 4.7 4.8 4.9 5.0 5.1 5.2 5.3 5.4 5.5 5.6 5.7 5.8 5.9 6.0 6.1 6.2 6.3 6.4 6.5 6.6 6.7 6.8 6.9 7.0 7.1 7.2 7.3 7.4 7.5 7.6 7.7 7.8 7.9 8.0 8.1 8.2 8.3 8.4 8.5 8.6 8.7 8.8 8.9 9.0 9.1 9.2 9.3 9.4 9.5 9.6 9.7 9.8 9.9 10.0 10.1 10.2 10.3 10.4 10.5 10.6 10.7 10.8 10.9 11.0 11.1 11.2 11.3 11.4 11.5 11.6 11.7 11.8 11.9 12.0 12.1 12.2 12.3 12.4 12.5 12.6 12.7 12.8 12.9 13.0 13.1 13.2 13.3 13.4 13.5 13.6 13.7 13.8 13.9 14.0 14.1 14.2 14.3 14.4 14.5 14.6 14.7 14.8 14.9 15.0 15.1 15.2 15.3 15.4 15.5 15.6 15.7 15.8 15.9 16.0 16.1 16.2 16.3 16.4 16.5 16.6 16.7 16.8 16.9 17.0 17.1 17.2 17.3 17.4 17.5 17.6 17.7 17.8 17.9
0.1 0.0 0.22360679775 0.316227766017 0.412310562562 0.509901951359 0.60827625303 0.707106781187 0.80622577483 0.905538513814 1.00498756211 1.10453610172 1.20415945788 1.30384048104 1.40356688476 1.50332963784 1.60312195419 1.70293863659 1.80277563773 1.90262975904 2.00249843945 2.10237960416 2.20227155455 2.30217288664 2.40208242989 2.50199920064 2.60192236625 2.70185121722 2.80178514522 2.90172362571 3.00166620396 3.10161248385 3.20156211872 3.30151480384 3.40147027034 3.50142828 3.60138862107 3.70135110466 3.80131556175 3.90128184063 4.00124980475 4.10121933088 4.20119030752 4.30116263352 4.40113621693 4.50111097397 4.60108682813 4.70106370942 4.80104155366 4.90102030194 5.00099990002 5.10098029794 5.20096144958 5.30094331228 5.40092584656 5.50090901579 5.60089278598 5.7008771255 5.80086200491 5.90084739677 6.00083327547 6.10081961707 6.20080639917 6.30079360081 6.40078120232 6.50076918526 6.60075753228 6.7007462271 6.80073525437 6.90072459963 7.00071424927 7.10070419043 7.20069441096 7.30068489938 7.40067564483 7.50066663704 7.60065786626 7.70064932327 7.8006409993 7.90063288604 8.00062497559 8.10061726043 8.20060973343 8.30060238778 8.40059521701 8.50058821494 8.6005813757 8.70057469366 8.80056816348 8.90056178002 9.00055553841 9.10054943396 9.20054346221 9.30053761887 9.40053189984 9.50052630121 9.60052081921 9.70051545022 9.8005101908 9.90050503762 10.0004999875 10.1004950374 10.2004901843 10.3004854255 10.4004807581 10.5004761797 10.6004716876 10.7004672795 10.800462953 10.9004587059 11.0004545361 11.1004504413 11.2004464197 11.3004424692 11.4004385881 11.5004347744 11.6004310265 11.7004273426 11.8004237212 11.9004201606 12.0004166594 12.1004132161 12.2004098292 12.3004064973 12.4004032193 12.5003999936 12.6003968191 12.7003936947 12.800390619 12.9003875911 13.0003846097 13.1003816738 13.2003787824 13.3003759345 13.4003731291 13.5003703653 13.6003676421 13.7003649586 13.8003623141 13.9003597076 14.0003571383 14.1003546055 14.2003521083 14.3003496461 14.400347218 14.5003448235 14.6003424617 14.7003401321 14.800337834 14.9003355667 15.0003333296 15.1003311222 15.2003289438 15.3003267939 15.4003246719 15.5003225773 15.6003205095 15.7003184681 15.8003164525 15.9003144623 16.0003124969 16.100310556 16.200308639 16.3003067456 16.4003048752 16.5003030275 16.6003012021 16.7002993985 16.8002976164 16.9002958554 17.0002941151 17.1002923952 17.2002906952 17.3002890149 17.4002873539 17.500285712 17.6002840886 17.7002824836 17.8002808967 17.9002793274
0.2 0.22360679775 0.0 0.360555127546 0.4472135955 0.538516480713 0.632455532034 0.728010988928 0.824621125124 0.921954445729 1.01980390272 1.11803398875 1.21655250606 1.3152946438 1.41421356237 1.51327459504 1.61245154966 1.71172427686 1.81107702763 1.91049731745 2.00997512422 2.10950231097 2.20907220344 2.30867927612 2.40831891576 2.5079872408 2.60768096208 2.70739727414 2.80713376952 2.90688837075 3.00665927567 3.1064449134 3.20624390838 3.30605505096 3.40587727319 3.50570962859 3.60555127546 3.70540146273 3.80525951809 3.90512483795 4.0049968789 4.10487515035 4.20475920833 4.30464865001 4.40454310911 4.50444225182 4.60434577329 4.70425339454 4.80416485979 4.9040799341 5.00399840128 5.10392006207 5.2038447325 5.30377224247 5.40370243444 5.50363516233 5.60357029045 5.70350769264 5.80344725142 5.90338885726 6.00333240792 6.10327780787 6.20322496771 6.30317380373 6.40312423743 6.50307619516 6.60302960769 6.70298440995 6.80294054068 6.90289794217 7.00285656 7.10281634283 7.20277724215 7.3027392121 7.40270220933 7.50266619276 7.6026311235 7.70259696466 7.80256368125 7.90253124005 8.0024996095 8.10246875958 8.20243866176 8.30240928888 8.40238061504 8.5023526156 8.60232526704 8.70229854694 8.80227243387 8.90224690738 9.00222194794 9.10219753686 9.20217365626 9.30215028905 9.40212741883 9.50210502994 9.60208310733 9.70206163658 9.80204060387 9.90201999594 10.0019998 10.1019800039 10.2019605959 10.3019415646 10.4019228992 10.5019045892 10.6018866246 10.7018689956 10.8018516931 10.901834708 11.0018180316 11.1018016556 11.201785572 11.3017697729 11.401754251 11.501738999 11.6017240098 11.7017092769 11.8016947935 11.9016805536 12.0016665509 12.1016527797 12.2016392341 12.3016259088 12.4016127983 12.5015998976 12.6015872016 12.7015747055 12.8015624046 12.9015502944 13.0015383705 13.1015266286 13.2015150646 13.3015036744 13.4014924542 13.5014814002 13.6014705087 13.7014597762 13.8014491993 13.9014387745 14.0014284985 14.1014183684 14.2014083809 14.301398533 14.4013888219 14.5013792447 14.6013697988 14.7013604813 14.8013512897 14.9013422214 15.0013332741 15.1013244452 15.2013157325 15.3013071337 15.4012986465 15.5012902689 15.6012819986 15.7012738337 15.8012657721 15.9012578119 16.0012499512 16.1012421881 16.2012345209 16.3012269477 16.4012194669 16.5012120767 16.6012047756 16.7011975619 16.801190434 16.9011833905 17.0011764299 17.1011695506 17.2011627514 17.3011560307 17.4011493873 17.5011428198 17.601136327 17.7011299074 17.80112356 17.9011172836
0.3 0.316227766017 0.360555127546 0.0 0.5 0.583095189485 0.67082039325 0.761577310586 0.854400374532 0.948683298051 1.04403065089 1.1401754251 1.23693168769 1.33416640641 1.43178210633 1.52970585408 1.62788205961 1.72626765016 1.82482875909 1.92353840617 2.02237484162 2.12132034356 2.22036033112 2.31948270095 2.41867732449 2.5179356624 2.61725046566 2.71661554144 2.81602556807 2.91547594742 3.01496268634 3.11448230048 3.214031736 3.31360830516 3.41320963318 3.51283361405 3.61247837364 3.71214223865 3.81182371051 3.91152144312 4.01123422403 4.11096095822 4.21070065429 4.31045241245 4.41021541424 4.50998891351 4.60977222865 4.70956473573 4.80936586256 4.90917508345 5.00899191455 5.10881590978 5.20864665724 5.30848377599 5.4083269132 5.50817574157 5.60802995712 5.70788927713 5.80775343829 5.9076221951 6.00749531835 6.10737259384 6.20725382114 6.30713881249 6.40702739186 6.506919394 6.60681466366 6.70671305484 6.8066144301 6.90651865993 7.00642562224 7.10633520178 7.20624728968 7.30616178304 7.40607858451 7.50599760192 7.60591874792 7.70584193972 7.80576709875 7.90569415042 8.00562302385 8.10555365166 8.20548596976 8.30541991714 8.40535543567 8.50529246999 8.60523096727 8.70517087713 8.80511215147 8.90505474436 9.00499861188 9.10494371207 9.20489000477 9.30483745156 9.40478601564 9.50473566176 9.60468635615 9.70463806641 9.80459076147 9.90454441153 10.004498988 10.1044544633 10.204410811 10.3043680059 10.4043260233 10.50428484 10.6042444332 10.7042047813 10.8041658632 10.9041276588 11.0040901487 11.104053314 11.2040171367 11.3039815994 11.4039466852 11.503912378 11.6038786619 11.7038455219 11.8038129433 11.903780912 12.0037494142 12.1037184369 12.2036879672 12.3036579926 12.4036285014 12.5035994817 12.6035709226 12.7035428129 12.8035151423 12.9034879006 13.0034610777 13.1034346642 13.2034086508 13.3033830284 13.4033577883 13.5033329219 13.6033084211 13.7032842779 13.8032604844 13.9032370332 14.0032139168 14.1031911283 14.2031686605 14.303146507 14.403124661 14.5031031162 14.6030818665 14.7030609058 14.8030402283 14.9030198282 15.0029997001 15.1029798384 15.2029602381 15.3029408938 15.4029218007 15.502902954 15.6028843487 15.7028659805 15.8028478446 15.9028299368 16.0028122529 16.1027947885 16.2027775397 16.3027605024 16.4027436729 16.5027270474 16.6027106221 16.7026943934 16.8026783579 16.9026625122 17.0026468528 17.1026313765 17.2026160801 17.3026009605 17.4025860147 17.5025712397 17.6025566325 17.7025421903 17.8025279104 17.90251379
0.4 0.412310562562 0.4472135955 0.5 0.0 0.640312423743 0.721110255093 0.80622577483 0.894427191 0.98488578018 1.07703296143 1.17046999107 1.26491106407 1.36014705087 1.45602197786 1.55241746963 1.64924225025 1.74642491966 1.84390889146 1.94164878389 2.03960780544 2.13775583264 2.2360679775 2.33452350599 2.43310501212 2.53179778023 2.63058928759 2.72946881279 2.82842712475 2.92745623366 3.02654919008 3.12569992162 3.22490309932 3.32415402772 3.42344855372 3.52278299076 3.62215405525 3.72155881319 3.82099463491 3.92045915678 4.01995024845 4.11946598481 4.21900462195 4.31856457634 4.41814440687 4.51774279923 4.61735855225 4.71699056603 4.81663783152 4.91629942131 5.01597448159 5.11566222497 5.21536192416 5.31507290637 5.41479454827 5.51452627158 5.61426753905 5.71401785086 5.8137767415 5.91354377679 6.01331855135 6.11310068623 6.2128898268 6.31268564083 6.41248781675 6.51229606207 6.61211010193 6.71192967782 6.81175454637 6.91158447825 7.01141925718 7.11125867902 7.21110255093 7.31095069057 7.41080292546 7.51065909225 7.61051903618 7.71038261048 7.81024967591 7.91012010023 8.0099937578 8.10987052918 8.20975030071 8.30963296422 8.40951841665 8.5094065598 8.60929730001 8.70919054792 8.80908621822 8.90898422942 9.00888450364 9.10878696644 9.20869154658 9.30859817588 9.40850678907 9.50841732361 9.60832971957 9.70824391947 9.80815986819 9.90807751282 10.0079968026 10.1079176886 10.2078401241 10.307764064 10.407689465 10.5076162853 10.6075444849 10.7074740252 10.8074048689 10.9073369802 11.0072703247 11.1072048689 11.2071405809 11.3070774296 11.4070153853 11.506954419 11.6068945028 11.70683561 11.8067777145 11.9067207912 12.0066648158 12.1066097649 12.2065556157 12.3065023463 12.4064499354 12.5063983624 12.6063476075 12.7062976512 12.8062484749 12.9062000604 13.0061523903 13.1061054475 13.2060592154 13.306013678 13.4059688199 13.5059246259 13.6058810814 13.7058381721 13.8057958843 13.9057542046 14.00571312 14.1056726178 14.2056326857 14.3055933117 14.4055544843 14.5055161921 14.6054784242 14.7054411699 14.8054044187 14.9053681605 15.0053323855 15.1052970841 15.205262247 15.305227865 15.4051939293 15.5051604313 15.6051273625 15.7050947148 15.8050624801 15.9050306507 16.004999219 16.1049681776 16.2049375192 16.3049072368 16.4048773235 16.5048477727 16.6048185778 16.7047897323 16.8047612301 16.904733065 17.0047052312 17.1046777228 17.2046505341 17.3046236596 17.4045970939 17.5045708316 17.6045448677 17.7045191971 17.8044938148 17.9044687159
0.5 0.509901951359 0.538516480713 0.583095189485 0.640312423743 0.0 0.781024967591 0.860232526704 0.943398113206 1.0295630141 1.11803398875 1.20830459736 1.3 1.39283882772 1.48660687473 1.58113883008 1.67630546142 1.77200451467 1.86815416923 1.96468827044 2.06155281281 2.15870331449 2.25610283454 2.35372045919 2.45153013443 2.5495097568 2.64764045897 2.74590604355 2.84429253067 2.94278779391 3.04138126515 3.14006369362 3.23882694814 3.33766385366 3.43656805549 3.53553390593 3.63455636908 3.73363094052 3.83275357935 3.93192065027 4.03112887415 4.13037528561 4.22965719651 4.32897216438 4.4283179651 4.52769256907 4.6270941205 4.72652091924 4.82597140481 4.92544414241 5.02493781056 5.12445119013 5.22398315464 5.32353266168 5.42309874518 5.52268050859 5.62227711875 5.72188780037 5.82151183113 5.92114853723 6.0207972894 6.12045749924 6.22012861603 6.31981012373 6.41950153828 6.5192024052 6.61891229735 6.7186308129 6.81835757349 6.91809222257 7.01783442381 7.11758385971 7.21734023031 7.31710325197 7.41687265632 7.51664818919 7.61642960973 7.71621668954 7.81600921187 7.91580697087 8.01560977094 8.11541742611 8.21522975942 8.31504660239 8.41486779456 8.51469318296 8.61452262171 8.71435597161 8.81419309977 8.91403387923 9.01387818866 9.11372591205 9.21357693841 9.3134311615 9.41328847959 9.51314879522 9.61301201497 9.71287804927 9.81274681218 9.91261822124 10.0124921973 10.1123686642 10.2122475489 10.3121287812 10.4120122935 10.5118980208 10.6117859006 10.7116758726 10.8115678789 10.9114618636 11.0113577728 11.1112555546 11.211155159 11.3110565377 11.4109596441 11.5108644332 11.6107708616 11.7106788872 11.8105884697 11.9104995697 12.0104121495 12.1103261723 12.2102416029 12.3101584068 12.4100765509 12.5099960032 12.6099167325 12.7098387087 12.8097619025 12.9096862859 13.0096118313 13.1095385121 13.2094663026 13.3093951778 13.4093251135 13.5092560861 13.6091880728 13.7091210513 13.8090550003 13.9089898986 14.0089257261 14.108862463 14.2088000901 14.3087385887 14.4086779407 14.5086181285 14.608559135 14.7085009433 14.8084435374 14.9083869013 15.0083310198 15.1082758778 15.2082214608 15.3081677545 15.4081147452 15.5080624193 15.6080107637 15.7079597657 15.8079094127 15.9078596926 16.0078105936 16.107762104 16.2077142127 16.3076669085 16.4076201809 16.5075740192 16.6075284133 16.7074833533 16.8074388293 16.9073948318 17.0073513517 17.1073083798 17.2072659072 17.3072239253 17.4071824257 17.5071414 17.6071008403 17.7070607386 17.8070210872 17.9069818786
0.6 0.60827625303 0.632455532034 0.67082039325 0.721110255093 0.781024967591 0.0 0.921954445729 1.0 1.08166538264 1.16619037897 1.25299640861 1.3416407865 1.43178210633 1.52315462117 1.61554944214 1.70880074906 1.80277563773 1.8973665961 1.99248588452 2.08806130178 2.18403296678 2.2803508502 2.3769728648 2.47386337537 2.57099202644 2.66833281283 2.76586333719 2.86356421266 2.96141857899 3.05941170816 3.15753068077 3.25576411922 3.35410196625 3.45253530033 3.55105618091 3.64965751818 3.7483329628 3.84707681233 3.94588393139 4.04474968323 4.14366987102 4.24264068712 4.34165866922 4.44072066223 4.53982378513 4.6389654019 4.73814309619 4.83735464898 4.93659801888 5.03587132481 5.13517283059 5.23450093132 5.33385414124 5.43323108288 5.53263047745 5.63205113613 5.73149195236 5.83095189485 5.93043000127 6.02992537267 6.12943716829 6.22896460096 6.32850693292 6.428063472 6.52763356815 6.62721661031 6.72681202354 6.82641926635 6.92603782837 7.0256672281 7.12530701093 7.22495674728 7.32461603089 7.42428447731 7.52396172239 7.62364742102 7.72334124586 7.82304288624 7.92275204711 8.02246844805 8.12219182241 8.22192191644 8.32165848855 8.42140130857 8.52115015711 8.6209048249 8.72066511225 8.82043082848 8.92020179144 9.01997782702 9.11975876874 9.21954445729 9.31933474021 9.41912947145 9.51892851113 9.61873172513 9.71853898485 9.81835016691 9.91816515289 10.0179838291 10.1178060863 10.2176318196 10.317460928 10.4172933145 10.5171288858 10.616967552 10.7168092266 10.8166538264 10.916501271 11.0163514831 11.1162043882 11.2160599142 11.3159179919 11.4157785543 11.5156415366 11.6155068766 11.7153745139 11.8152443902 11.9151164493 12.0149906367 12.1148668998 12.2147451877 12.3146254511 12.4145076423 12.5143917151 12.614277625 12.7141653285 12.8140547837 12.91394595 13.013838788 13.1137332594 13.2136293273 13.3135269557 13.4134261097 13.5133267555 13.6132288602 13.713132392 13.8130373199 13.9129436138 14.0128512445 14.1127601836 14.2126704036 14.3125818775 14.4124945794 14.5124084838 14.6123235661 14.7122398023 14.812157169 14.9120756436 15.0119952038 15.1119158282 15.2118374958 15.3117601862 15.4116838794 15.5116085562 15.6115341975 15.711460785 15.8113883008 15.9113167274 16.0112460477 16.1111762451 16.2111073033 16.3110392066 16.4109719395 16.510905487 16.6108398343 16.7107749671 16.8107108713 16.9106475334 17.01058494 17.1105230779 17.2104619345 17.3104014974 17.4103417543 17.5102826933 17.6102243029 17.7101665718 17.8101094887 17.9100530429
0.7 0.707106781187 0.728010988928 0.761577310586 0.80622577483 0.860232526704 0.921954445729 0.0 1.06301458127 1.1401754251 1.22065556157 1.30384048104 1.38924439894 1.47648230602 1.56524758425 1.65529453572 1.74642491966 1.83847763109 1.93132079158 2.02484567313 2.11896201004 2.21359436212 2.30867927612 2.40416305603 2.5 2.59615099715 2.69258240357 2.7892651362 2.88617393793 2.98328677804 3.08058436015 3.17804971641 3.27566787083 3.37342555869 3.47131099154 3.56931365951 3.66742416418 3.76563407675 3.86393581727 3.96232255123 4.06078810085 4.15932686862 4.25793377121 4.35660418216 4.45533388199 4.55411901469 4.65295604965 4.75184174821 4.85077313425 4.94974746831 5.04876222455 5.14781507049 5.24690384894 5.34602656185 5.44518135602 5.54436651025 5.64358042381 5.74282160614 5.84208866759 5.94138031101 6.04069532422 6.1400325732 6.23939099592 6.3387695967 6.43816744113 6.53758365147 6.63701740242 6.73646791724 6.83593446429 6.93541635376 7.03491293478 7.13442359269 7.23394774656 7.33348484692 7.43303437366 7.53259583411 7.63216876124 7.73175271203 7.83134726596 7.93095202356 8.03056660517 8.13019064967 8.22982381342 8.32946576918 8.42911620515 8.52877482409 8.62844134244 8.72811548961 8.82779700718 8.92748564827 9.02718117687 9.12688336728 9.22659200355 9.32630687893 9.42602779542 9.52575456329 9.62548700067 9.72522493313 9.82496819333 9.92471662064 10.0244700608 10.1242283657 10.2239913928 10.3237590053 10.4235310716 10.5233074649 10.6230880633 10.7228727494 10.8226614102 10.9224539367 11.022250224 11.1220501707 11.2218536793 11.3216606556 11.4214710086 11.5212846506 11.6211014968 11.7209214655 11.8207444774 11.9205704561 12.0203993278 12.1202310209 12.2200654663 12.319902597 12.4197423484 12.5195846576 12.6194294641 12.719276709 12.8191263353 12.9189782878 13.0188325129 13.1186889589 13.2185475753 13.3184083133 13.4182711256 13.5181359662 13.6180027904 13.717871555 13.8177422179 13.9176147382 14.0174890762 14.1173651933 14.217243052 14.3171226159 14.4170038496 14.5168867186 14.6167711893 14.7166572291 14.8165448064 14.9164338902 15.0163244504 15.1162164578 15.2161098839 15.316004701 15.4159008819 15.5157984003 15.6156972307 15.7155973479 15.8154987275 15.9154013459 16.0153051797 16.1152102065 16.2151164041 16.3150237511 16.4149322265 16.5148418097 16.6147524809 16.7146642204 16.8145770093 16.9144908289 17.0144056611 17.1143214882 17.2142382928 17.314156058 17.4140747673 17.5139944045 17.6139149538 17.7138363998 17.8137587275 17.9136819219
0.8 0.80622577483 0.824621125124 0.854400374532 0.894427191 0.943398113206 1.0 1.06301458127 0.0 1.20415945788 1.28062484749 1.36014705087 1.44222051019 1.52643375225 1.61245154966 1.7 1.788854382 1.87882942281 1.96977156036 2.06155281281 2.15406592285 2.24722050542 2.34093998214 2.43515913238 2.52982212813 2.62488094968 2.72029410175 2.81602556807 2.91204395571 3.0083217913 3.10483493925 3.20156211872 3.29848450049 3.39558536927 3.49284983931 3.5902646142 3.68781778292 3.78549864615 3.88329756779 3.98120584748 4.07921561087 4.17731971484 4.27551166529 4.37378554573 4.472135955 4.57055795281 4.66904701197 4.76759897642 4.86621002424 4.96487663492 5.06359556047 5.16236379966 5.26117857519 5.3600373133 5.45893762558 5.55787729264 5.65685424949 5.75586657246 5.85491246732 5.95399025864 6.05309838017 6.15223536611 6.25139984324 6.35059052372 6.44980619864 6.54904573201 6.64830805544 6.74759216313 6.84689710745 6.94622199472 7.04556598152 7.14492827116 7.24430811051 7.34370478709 7.44311762637 7.54254598925 7.64198926982 7.74144689318 7.84091831357 7.94040301244 8.0399004969 8.13941029805 8.23893196962 8.33846508657 8.43800924389 8.5375640554 8.63712915268 8.73670418407 8.83628881375 8.93588272081 9.03548559846 9.13509715329 9.23471710449 9.33434518325 9.43398113206 9.53362470417 9.63327566303 9.73293378175 9.83259884263 9.93227063667 10.0319489632 10.1316336294 10.2313244499 10.3310212467 10.4307238483 10.5304320899 10.6301458127 10.729864864 10.8295890965 10.9293183685 11.0290525432 11.1287914887 11.2285350781 11.3282831886 11.4280357017 11.5277925033 11.627553483 11.7273185341 11.8270875536 11.9268604419 12.0266371027 12.1264174429 12.2262013725 12.3259888041 12.4257796536 12.5255738392 12.6253712817 12.7251719045 12.8249756335 12.9247823966 13.0245921241 13.1244047484 13.2242202039 13.3240384268 13.4238593556 13.5236829303 13.6235090927 13.7233377864 13.8231689565 13.9230025497 14.0228385144 14.1226768001 14.222517358 14.3223601407 14.4222051019 14.5220521966 14.6219013811 14.7217526131 14.8216058509 14.9214610545 15.0213181845 15.1211772029 15.2210380724 15.3209007568 15.420765221 15.5206314305 15.6204993518 15.7203689524 15.8202402005 15.9201130649 16.0199875156 16.119863523 16.2197410584 16.3196200936 16.4195006014 16.519382555 16.6192659284 16.7191506961 16.8190368333 16.9189243157 17.0188131196 17.1187032219 17.2185946 17.3184872319 17.4183810958 17.5182761709 17.6181724364 17.7180698723 17.8179684588 17.9178681768
0.9 0.905538513814 0.921954445729 0.948683298051 0.98488578018 1.0295630141 1.08166538264 1.1401754251 1.20415945788 0.0 1.34536240471 1.42126704036 1.5 1.58113883008 1.66433169771 1.74928556845 1.83575597507 1.92353840617 2.01246117975 2.10237960416 2.19317121995 2.28473193176 2.3769728648 2.46981780705 2.5632011236 2.65706605112 2.75136329844 2.84604989415 2.94108823397 3.03644529014 3.13209195267 3.22800247831 3.32415402772 3.4205262753 3.51710107901 3.61386219992 3.71079506306 3.80788655293 3.90512483795 4.00249921924 4.1 4.19761837236 4.29534631898 4.3931765273 4.49110231458 4.58911756223 4.6872166581 4.7853944456 4.88364617883 4.98196748283 5.08035431835 5.17880295049 5.27730992078 5.37587202229 5.47448627727 5.57314991724 5.67186036499 5.7706152185 5.86941223633 5.96824932455 6.06712452485 6.16603600379 6.26498204307 6.36396103068 6.46297145282 6.56201188661 6.66108099335 6.76017751246 6.85930025586 6.95844810285 7.05761999544 7.15681493403 7.25603197347 7.35527021937 7.45452882482 7.55380698721 7.65310394546 7.75241897733 7.85175139698 7.95110055275 8.05046582503 8.14984662432 8.24924238946 8.3486525859 8.4480767042 8.54751425854 8.6469647854 8.74642784227 8.84590300648 8.94538987412 9.04488805901 9.14439719172 9.24391691871 9.34344690144 9.44298681562 9.54253635047 9.64209520799 9.74166310237 9.8412397593 9.94082491547 10.040418318 10.1400197238 10.2396288995 10.3392456205 10.4388696706 10.5385008422 10.638138935 10.7377837564 10.8374351209 10.9370928496 11.03675677 11.136426716 11.2361025271 11.3357840488 11.4354711315 11.5351636313 11.6348614087 11.7345643294 11.8342722632 11.9339850846 12.0337026721 12.1334249081 12.2331516789 12.3328828747 12.4326183887 12.5323581181 12.6321019629 12.7318498263 12.8316016148 12.9313572374 13.031116606 13.1308796354 13.2306462427 13.3304163476 13.4301898721 13.5299667405 13.6297468795 13.7295302177 13.8293166859 13.9291062168 14.0288987451 14.1286942072 14.2284925414 14.3282936877 14.4280975877 14.5279041847 14.6277134235 14.7275252504 14.827339613 14.9271564606 15.0269757436 15.1267974139 15.2266214243 15.3264477293 15.4262762843 15.5261070459 15.6259399717 15.7257750206 15.8256121525 15.925451328 16.025292509 16.1251356583 16.2249807396 16.3248277173 16.4246765569 16.5245272247 16.6243796877 16.7242339137 16.8240898714 16.9239475301 17.0238068598 17.1236678314 17.2235304163 17.3233945865 17.4232603149 17.5231275747 17.62299634 17.7228665853 17.8227382857 17.9226114169
1.0 1.00498756211 1.01980390272 1.04403065089 1.07703296143 1.11803398875 1.16619037897 1.22065556157 1.28062484749 1.34536240471 0.0 1.48660687473 1.56204993518 1.64012194669 1.72046505341 1.80277563773 1.88679622641 1.97230829233 2.0591260282 2.14709105536 2.2360679775 2.32594066992 2.41660919472 2.5079872408 2.6 2.69258240357 2.78567765544 2.87923600978 2.97321374946 3.06757233004 3.16227766017 3.25729949498 3.35261092285 3.44818792991 3.54400902933 3.64005494464 3.73630833845 3.83275357935 3.92937654088 4.02616442784 4.12310562562 4.2201895692 4.31740662898 4.41474801093 4.51220566907 4.60977222865 4.70744091838 4.80520551069 4.90306026885 5.00099990002 5.09901951359 5.19711458407 5.29528091795 5.39351462406 5.4918120871 5.59016994375 5.68858506133 5.78705451849 5.88557558782 5.98414572015 6.0827625303 6.18142378421 6.28012738724 6.37887137353 6.47765389628 6.57647321898 6.67532770731 6.77421582178 6.87313611098 6.97208720542 7.07106781187 7.1700767081 7.26911273815 7.36817480792 7.46726188104 7.56637297521 7.66550715869 7.76466354712 7.86384130054 7.96303962065 8.0622577483 8.1614949611 8.26075057123 8.36002392341 8.45931439302 8.55862138431 8.65794432877 8.75728268357 8.85663593019 8.95600357302 9.05538513814 9.15478017213 9.25418824101 9.35360892918 9.45304183848 9.55248658727 9.65194280961 9.75141015443 9.85088828482 9.95037687728 10.0498756211 10.1493842178 10.2489023803 10.3484298326 10.4479663093 10.5475115549 10.6470653234 10.7466273779 10.8461974904 10.9457754408 11.0453610172 11.1449540152 11.2445542375 11.3441614939 11.4437756007 11.5433963806 11.6430236623 11.7426572802 11.8422970745 11.9419428905 12.0415945788 12.1412519947 12.2409149985 12.3405834546 12.4402572321 12.539936204 12.6396202475 12.7393092434 12.8390030766 12.938701635 13.0384048104 13.1381124976 13.2378245947 13.3375410027 13.4372616258 13.5369863707 13.636715147 13.7364478669 13.8361844451 13.9359247989 14.0356688476 14.1354165131 14.2351677194 14.3349223925 14.4346804606 14.5344418537 14.6342065039 14.733974345 14.8337453126 14.9335193441 15.0332963784 15.1330763561 15.2328592195 15.3326449121 15.4324333791 15.532224567 15.6320184237 15.7318148985 15.8316139417 15.9314155052 16.0312195419 16.1310260058 16.2308348522 16.3306460374 16.4304595188 16.5302752548 16.6300932048 16.7299133291 16.8297355891 16.929559947 17.0293863659 17.1292148098 17.2290452434 17.3288776324 17.4287119432 17.528548143 17.6283861995 17.7282260816 17.8280677585 17.9279112001
1.1 1.10453610172 1.11803398875 1.1401754251 1.17046999107 1.20830459736 1.25299640861 1.30384048104 1.36014705087 1.42126704036 1.48660687473 0.0 1.62788205961 1.70293863659 1.78044938148 1.86010752377 1.94164878389 2.02484567313 2.10950231097 2.19544984001 2.2825424421 2.37065391823 2.45967477525 2.5495097568 2.64007575649 2.73130005675 2.8231188427 2.91547594742 3.0083217913 3.10161248385 3.19530906173 3.28937684068 3.38378486314 3.47850542619 3.57351367704 3.66878726557 3.76430604494 3.86005181312 3.95600808897 4.05215991787 4.14849370254 4.24499705536 4.34165866922 4.43846820423 4.53541618818 4.63249392876 4.72969343615 4.82700735446 4.9244289009 5.0219518118 5.11957029447 5.2172789843 5.31507290637 5.41294744109 5.51089829338 5.60892146495 5.70701322935 5.80517010948 5.90338885726 6.00166643525 6.1 6.19838688692 6.29682459657 6.39531078213 6.49384323802 6.59241988954 6.69103878333 6.78969807871 6.88839603972 6.98713102783 7.08590149522 7.18470597867 7.28354309385 7.38241153012 7.48131004571 7.5802374633 7.6791926659 7.77817459305 7.87718223732 7.97621464104 8.07527089329 8.17435012707 8.27345151675 8.37257427557 8.47171765346 8.57088093489 8.67006343691 8.76926450736 8.86848352313 8.96771988858 9.06697303404 9.16624241442 9.26552750792 9.36482781475 9.46414285606 9.5634721728 9.66281532474 9.76217188949 9.86154146166 9.96092365195 10.0603180864 10.1597244057 10.2591422643 10.3585713301 10.4580112832 10.5574618162 10.6569226327 10.7563934476 10.855873986 10.955363983 11.0548631832 11.1543713404 11.253888217 11.3534135836 11.4529472189 11.5524889093 11.6520384483 11.7515956363 11.8511602807 11.9507321951 12.0503111993 12.1498971189 12.2494897853 12.3490890352 12.4486947107 12.5483066587 12.647924731 12.747548784 12.8471786786 12.94681428 13.0464554573 13.1461020839 13.2457540367 13.3454111964 13.4450734472 13.5447406767 13.6444127759 13.7440896388 13.8437711625 13.943457247 14.0431477953 14.1428427128 14.242541908 14.3422452914 14.4419527765 14.5416642789 14.6413797164 14.7410990092 14.8408220797 14.940548852 15.0402792527 15.14001321 15.2397506541 15.339491517 15.4392357324 15.5389832357 15.6387339641 15.7384878562 15.8382448523 15.938004894 16.0377679245 16.1375338884 16.2373027317 16.3370744015 16.4368488464 16.5366260162 16.6364058618 16.7361883355 16.8359733903 16.9357609808 17.0355510624 17.1353435915 17.2351385257 17.3349358234 17.4347354439 17.5345373478 17.6343414961 17.734147851 17.8339563754 17.9337670332
1.2 1.20415945788 1.21655250606 1.23693168769 1.26491106407 1.3 1.3416407865 1.38924439894 1.44222051019 1.5 1.56204993518 1.62788205961 0.0 1.7691806013 1.84390889146 1.92093727123 2.0 2.08086520467 2.16333076528 2.24722050542 2.33238075794 2.41867732449 2.50599281723 2.59422435421 2.683281573 2.77308492477 2.86356421266 2.95465734054 3.04630924235 3.1384709653 3.23109888428 3.32415402772 3.41760149813 3.51140997322 3.60555127546 3.7 3.7947331922 3.88973006776 3.98497176903 4.08044115262 4.17612260356 4.27200187266 4.36806593357 4.46430285711 4.5607017004 4.65725240888 4.7539457296 4.85077313425 4.94772675074 5.04479930225 5.14198405287 5.23927475897 5.33666562565 5.43415126768 5.53172667438 5.62938717802 5.72712842531 5.82494635168 5.92283715798 6.0207972894 6.11882341631 6.21691241695 6.31506136154 6.41326749793 6.51152823844 6.60984114786 6.7082039325 6.8066144301 6.90507060065 7.00357051796 7.10211236183 7.20069441096 7.29931503636 7.39797269527 7.4966659256 7.5953933407 7.69415362467 7.79294552785 7.89176786278 7.99061950039 8.08949936646 8.18840643837 8.28733974204 8.38629834909 8.48528137424 8.5842879728 8.68331733844 8.78236870098 8.88144132447 8.98053450525 9.07964757025 9.17877987534 9.27793080379 9.37709976485 9.47628619239 9.57548954362 9.67470929796 9.77394495585 9.87319603776 9.97246208316 10.0717426496 10.1710373119 10.2703456612 10.3696673042 10.4690018626 10.5683489723 10.6677082825 10.7670794555 10.8664621658 10.9658560997 11.0652609549 11.1646764396 11.2641022723 11.3635381814 11.4629839047 11.562439189 11.6619037897 11.7613774703 11.8608600025 11.9603511654 12.0598507453 12.1593585357 12.2588743366 12.3583979544 12.4579292019 12.5574678976 12.6570138658 12.7565669363 12.856126944 12.955693729 13.0552671363 13.1548470155 13.2544332206 13.3540256103 13.4536240471 13.5532283977 13.6528385327 13.7524543264 13.8520756567 13.9517024051 14.0513344562 14.1509716981 14.2506140219 14.3502613217 14.4499134946 14.5495704404 14.6492320618 14.7488982639 14.8485689546 14.948244044 15.0479234448 15.1476070717 15.247294842 15.3469866749 15.4466824917 15.5463822158 15.6460857725 15.7457930889 15.8455040942 15.9452187191 16.0449368961 16.1446585594 16.2443836448 16.3441120897 16.4438438329 16.5435788148 16.6433169771 16.7430582631 16.8428026171 16.9425499852 17.0423003142 17.1420535526 17.2418096498 17.3415685565 17.4413302245 17.5410946067 17.640861657 17.7406313304 17.8404035829 17.9401783715
1.3 1.30384048104 1.3152946438 1.33416640641 1.36014705087 1.39283882772 1.43178210633 1.47648230602 1.52643375225 1.58113883008 1.64012194669 1.70293863659 1.7691806013 0.0 1.91049731745 1.98494332413 2.06155281281 2.1400934559 2.22036033112 2.30217288664 2.38537208838 2.46981780705 2.55538646784 2.64196896272 2.72946881279 2.81780056072 2.90688837075 2.99666481275 3.08706980809 3.17804971641 3.26955654485 3.36154726279 3.45398320783 3.54682957019 3.64005494464 3.73363094052 3.8275318418 3.92173431023 4.0162171256 4.11096095822 4.20594816896 4.30116263352 4.3965895874 4.49221548904 4.58802789878 4.68401537145 4.78016736109 4.87647413609 4.97292670366 5.06951674225 5.16623654124 5.26307894678 5.3600373133 5.45710545986 5.5542776308 5.65154846038 5.74891294072 5.8463663929 5.94390444069 6.0415229868 6.13921819127 6.23698645181 6.33482438588 6.43272881443 6.5306967469 6.62872536767 6.72681202354 6.8249542123 6.92314957227 7.02139587262 7.11969100453 7.21803297305 7.31641988954 7.41484996477 7.5133215025 7.61183289359 7.71038261048 7.80896920214 7.90759128939 8.0062475605 8.10493676718 8.2036577208 8.30240928888 8.40119039184 8.5 8.59883713068 8.69770084563 8.7965902485 8.8955044826 8.99444272871 9.09340420305 9.19238815543 9.29139386745 9.39042065085 9.48946784599 9.58853482029 9.68762096699 9.78672570373 9.88584847143 9.98498873309 10.0841459728 10.1833196945 10.2825094213 10.3817146946 10.4809350728 10.580170131 10.6794194599 10.7786826653 10.8779593675 10.9772492001 11.07655181 11.1758668568 11.2751940116 11.3745329574 11.4738833879 11.5732450073 11.6726175299 11.7720006796 11.8713941894 11.9707978013 12.0702112658 12.1696343413 12.2690667942 12.3685083983 12.4679589348 12.5674181915 12.666885963 12.7663620503 12.8658462605 12.9653384067 13.0648383075 13.164345787 13.2638606748 13.3633828053 13.4629120178 13.5624481566 13.6619910701 13.7615406114 13.8610966377 13.9606590102 14.0602275942 14.1598022585 14.2593828758 14.3589693223 14.4585614775 14.5581592243 14.6577624486 14.7573710396 14.8569848893 14.9566038926 15.0562279473 15.1558569537 15.2554908148 15.3551294361 15.4547727256 15.5544205935 15.6540729524 15.7537297171 15.8533908045 15.9530561335 16.0527256253 16.1523992026 16.2520767904 16.3517583152 16.4514437056 16.5511328917 16.6508258053 16.7505223799 16.8502225505 16.9499262535 17.0496334271 17.1493440108 17.2490579453 17.3487751729 17.4484956372 17.5482192829 17.6479460561 17.7476759042 17.8474087755 17.9471446197
1.4 1.40356688476 1.41421356237 1.43178210633 1.45602197786 1.48660687473 1.52315462117 1.56524758425 1.61245154966 1.66433169771 1.72046505341 1.78044938148 1.84390889146 1.91049731745 0.0 2.05182845287 2.12602916255 2.20227155455 2.2803508502 2.36008474424 2.44131112315 2.52388589282 2.60768096208 2.69258240357 2.77848879789 2.86530975638 2.95296461205 3.04138126515 3.1304951685 3.22024843762 3.31058907145 3.40147027034 3.49284983931 3.58468966579 3.67695526217 3.76961536499 3.86264158317 3.95600808897 4.04969134626 4.14366987102 4.23792402008 4.33243580449 4.42718872424 4.52216762184 4.61735855225 4.71274866718 4.80832611207 4.9040799341 5.0 5.0960769225 5.1923019943 5.28866712887 5.38516480713 5.48178802947 5.57853027239 5.67538544947 5.77234787586 5.86941223633 5.96657355607 6.06382717432 6.1611687203 6.25859409133 6.35609943283 6.45368112011 6.55133574166 6.64906008395 6.74685111737 6.84470598346 6.94262198308 7.04059656563 7.13862731903 7.23671196055 7.33484832836 7.43303437366 7.53126815351 7.62954782408 7.72787163454 7.82623792125 7.92464510246 8.02309167341 8.1215762017 8.22009732302 8.31865373723 8.41724420461 8.51586754242 8.61452262171 8.71320836432 8.81192374002 8.91066776398 9.00943949422 9.10823802939 9.20706250658 9.30591209931 9.40478601564 9.50368349641 9.60260381355 9.70154626851 9.8005101908 9.89949493661 9.99849988748 10.0975244491 10.1965680501 10.295630141 10.3947101932 10.4938076979 10.5929221653 10.6920531237 10.7912001186 10.890362712 10.9895404817 11.0887330205 11.1879399355 11.2871608476 11.386395391 11.4856432123 11.5849039703 11.6841773352 11.7834629884 11.882760622 11.982069938 12.0813906484 12.1807224745 12.2800651464 12.3794184031 12.4787819918 12.5781556677 12.6775391934 12.7769323392 12.8763348823 12.9757466067 13.0751673029 13.174596768 13.2740348048 13.3734812222 13.4729358345 13.5723984616 13.6718689286 13.7713470656 13.8708327075 13.9703256941 14.0698258696 14.1693330824 14.2688471854 14.3683680354 14.4678954931 14.5674294232 14.6669696938 14.7665161768 14.8660687473 14.9656272839 15.0651916682 15.1647617851 15.2643375225 15.3639187709 15.4635054241 15.5630973781 15.6626945319 15.762296787 15.8619040471 15.9615162187 16.0611332103 16.1607549329 16.2603812993 16.3600122249 16.4596476268 16.5592874243 16.6589315384 16.7585798921 16.8582324103 16.9578890196 17.0575496482 17.1572142261 17.2568826849 17.3565549577 17.4562309792 17.5559106856 17.6555940144 17.7552809046 17.8549712965 17.9546651319
1.5 1.50332963784 1.51327459504 1.52970585408 1.55241746963 1.58113883008 1.61554944214 1.65529453572 1.7 1.74928556845 1.80277563773 1.86010752377 1.92093727123 1.98494332413 2.05182845287 0.0 2.19317121995 2.26715680975 2.34307490277 2.42074368738 2.5 2.58069758011 2.66270539114 2.74590604355 2.83019433962 2.91547594742 3.00166620396 3.0886890423 3.17647603485 3.26496554346 3.35410196625 3.44383507154 3.53411940941 3.62491379208 3.71618083521 3.80788655293 3.9 3.99249295554 4.08533964316 4.17851648316 4.27200187266 4.36577599059 4.4598206242 4.55411901469 4.64865571967 4.74341649025 4.83838816136 4.93355855342 5.02891638427 5.12445119013 5.22015325446 5.316013544 5.41202365109 5.50817574157 5.60446250768 5.7008771255 5.79741321625 5.89406481132 5.9908263203 6.08769250209 6.18465843843 6.28171950982 6.37887137353 6.47610994348 6.57343137182 6.67083203206 6.76830850361 6.86585755751 6.96347614342 7.06116137756 7.15891053164 7.25672102261 7.35459040328 7.45251635355 7.55049667241 7.64852927039 7.74661216275 7.84474346298 7.94292137692 8.04114419719 8.13941029805 8.23771813065 8.33606621855 8.43445315358 8.532877592 8.63133825082 8.72983390449 8.82836338174 8.92692556259 9.02551937564 9.12414379545 9.22279784014 9.32148056909 9.42019108086 9.51892851113 9.61769203084 9.71648084442 9.81529418815 9.91413132856 10.012991561 10.1118742081 10.2107786187 10.3097041665 10.4086502487 10.5076162853 10.6066017178 10.7056060081 10.8046286378 10.9036691072 11.0027269347 11.1018016556 11.2008928216 11.3 11.3991227733 11.498260738 11.5974135047 11.6965806969 11.7957619508 11.8949569146 11.9941652482 12.0933866224 12.1926207191 12.29186723 12.3911258568 12.4903963108 12.589678312 12.6889715895 12.7882758807 12.8875909308 12.9869164931 13.0862523283 13.1855982041 13.2849538953 13.3843191833 13.4836938559 13.5830777072 13.6824705372 13.7818721515 13.8812823615 13.9807009839 14.0801278403 14.1795627577 14.2790055676 14.3784561063 14.4779142144 14.5773797371 14.6768525236 14.7763324272 14.8758193052 14.9753130184 15.0748134317 15.1743204131 15.2738338344 15.3733535704 15.4728794993 15.5724115024 15.6719494639 15.7714932711 15.8710428139 15.970597985 16.07015868 16.1697247967 16.2692962355 16.3688728995 16.4684546937 16.5680415258 16.6676333053 16.7672299441 16.8668313562 16.9664374575 17.0660481659 17.1656634011 17.2652830848 17.3649071406 17.4645354934 17.5641680703 17.6638047996 17.7634456117 17.8630904381 17.962739212
